# Created by Octave 4.4.1, Wed Mar 27 23:25:08 2019 GMT <unknown@DESKTOP-P0VD5JV>
# name: x
# type: matrix
# rows: 3
# columns: 1
 1
 2
 3


